.Random.seed <-
c(403L, 10L, 794087985L, 868820067L, -164328398L, 979306884L, 
-1285607481L, 1763058333L, 734741012L, 283979962L, -878076667L, 
-1209719073L, 598256486L, 1270106864L, 662379027L, -2003668047L, 
-1249665440L, 589777918L, -202067063L, 1228117179L, -590524278L, 
-1061244052L, -1375045393L, 1800835877L, -608166436L, 888785842L, 
-938298707L, -1109570969L, 642947470L, -614011288L, -1803650453L, 
-1703652343L, -250279272L, -822383162L, -493900511L, 813841843L, 
-415844062L, 170816276L, 668461975L, 724497293L, -817697116L, 
-1518976886L, -957077771L, -815490737L, 1503860310L, 468643072L, 
696367171L, -1578247199L, -318962864L, 439760302L, -1708663975L, 
-82800277L, 490330330L, -205221476L, -1327301217L, -2099171339L, 
667016844L, -612123806L, 1442108221L, 1443734455L, 1215244382L, 
1722795416L, 623997179L, -1255904103L, -1508561624L, -1077388330L, 
1496162385L, -170372349L, -1619828078L, 2112016420L, 1016544999L, 
-2047700163L, -1305154636L, 664672282L, 850881381L, 119354879L, 
-788236154L, 933176336L, -2116446541L, 1967490385L, -503718656L, 
-454563874L, -461429719L, -3980325L, 1416091882L, 1043429004L, 
-1350063665L, 1651088773L, 1503364668L, 5720850L, 1561946125L, 
316398407L, -988966610L, -801499000L, -1417790069L, 292930921L, 
-1755732168L, -144332314L, -1394176639L, -1726897901L, -1822212414L, 
-226182796L, 1200955767L, 1716712045L, 1108114692L, 253679658L, 
-1338198635L, 1222842927L, 965699382L, 233920352L, 1349336483L, 
1534195393L, 1115852464L, 1730636238L, 286883129L, 2096034123L, 
1539773178L, -50953220L, 761652287L, -9233131L, 741049900L, -1782338814L, 
-191727651L, -746790185L, -1653047874L, -735758344L, 619951067L, 
2084900409L, -570304632L, 1770006326L, 1244927345L, 1161547683L, 
1261696754L, -1534476732L, -790241017L, 1342380253L, 1305693652L, 
-1792753414L, -2099029947L, 1063788703L, 833047078L, -1515749712L, 
1120428883L, -957215119L, -718425184L, 295801662L, 1643117129L, 
441454331L, -494596406L, 76435500L, -193058769L, -1517807387L, 
-969739876L, -847242254L, -1377687955L, 1962357671L, 599420366L, 
953789224L, 1469833515L, 591928137L, -1884889000L, 68113670L, 
60883169L, -1933379469L, -1448192798L, -520346540L, 2062125399L, 
-1460541107L, -826340124L, -60378934L, 453090613L, -41897073L, 
2044831894L, -104286144L, -1956257533L, -9450207L, -873898480L, 
419343854L, -1115807335L, -1152389589L, -401819878L, 652905948L, 
67367903L, -1679101003L, 2103643468L, 1141205922L, 2112799485L, 
-1694295049L, -1824701154L, -1477138472L, -457459397L, 2122452697L, 
-1873075608L, -1025113194L, -1765169391L, -828473149L, -1340399406L, 
-331020956L, -1616398169L, 81825277L, -9457676L, 1468258522L, 
431430181L, 1065940799L, -1303825210L, -864196272L, -831891085L, 
-414194799L, -1715178048L, -575950946L, -528805527L, -1724554853L, 
2053821610L, 263803596L, -957146225L, -846078011L, 886276988L, 
-1329234990L, -201311411L, 1241483783L, 1483954670L, 208876744L, 
1212423115L, 1469697577L, -1728445320L, 482722214L, -1435360319L, 
-1434824621L, 238212866L, -1879218884L, 1759662194L, 1174270576L, 
1494415908L, 71084088L, 2111727898L, -385702704L, 1906436412L, 
2042286996L, -666499198L, -1257215040L, 2110649916L, -189980272L, 
-1002981342L, 2066109704L, 600615052L, 807399196L, 251466898L, 
952259968L, -1182580716L, 410240808L, 557008442L, 1454739920L, 
1976187244L, 500614068L, -632714734L, -1090312224L, -1062753844L, 
1601927392L, -2094085086L, 392999720L, -627713524L, 1213166396L, 
593571826L, 2034098928L, 906893892L, -1975370152L, 772978490L, 
1396510704L, -1538415940L, 911897876L, -133677886L, -883024800L, 
314631548L, -934404144L, -888876766L, 152647336L, 1265047436L, 
502883516L, -461751502L, -1185380800L, -822721356L, 1111880776L, 
-1547422278L, -1181582832L, -1011245844L, -824344236L, 1179775762L, 
-1949405792L, 369277644L, -1249641888L, -864104510L, 338096936L, 
-1378813524L, -531538628L, -2028037262L, 1337388336L, 955279140L, 
-539491016L, -575977766L, 243818384L, 2113559292L, -1758815340L, 
1357411394L, 1836446976L, 1343359036L, 463977808L, 1381852322L, 
212347720L, -565354740L, 1671249628L, -1451511982L, -808569216L, 
361560148L, 57361384L, 2031774458L, -696347312L, 1360592684L, 
-1725324428L, 1391666066L, 1916940896L, -297756788L, 572340064L, 
1234732002L, 124820392L, -1490465588L, 1871616508L, -1250740302L, 
693257712L, -1038850620L, -2055718568L, 255724922L, -1353204304L, 
1559176124L, 1461129300L, 397144002L, -682549216L, 1416786108L, 
-1215522224L, 359704546L, -1027211672L, 1988349516L, -1395887876L, 
2041296882L, -1056594688L, -289627276L, -35151864L, -1729269318L, 
-952902192L, -882691092L, 1792428948L, -1686479918L, 968664928L, 
-1674493620L, -2065354464L, 194744194L, 1282803432L, 1731680492L, 
-915024324L, 2121905010L, -1017194896L, -1014012892L, 975105848L, 
1774377114L, -1008046384L, -30028612L, 2103937684L, 505143938L, 
-1006300992L, -1185118916L, -1495639920L, -727951838L, 957280776L, 
1363901708L, -527695204L, 315340306L, 1047681408L, 1892342292L, 
224992808L, -1132961478L, 714779600L, -975647124L, 863011636L, 
1274454674L, -479779488L, 2126421324L, -1705053216L, 1488080802L, 
1142865832L, 1728784268L, -1404892484L, -1825537166L, 281700592L, 
-1508076476L, -1190333096L, -665456582L, 1973277552L, -1903442884L, 
-1912337644L, -2063526462L, -612889376L, -1674895492L, 1550558928L, 
-1304151390L, 765998120L, 1373053196L, 456776636L, -16274126L, 
760940480L, 770852404L, -1407888440L, -144905030L, -938336368L, 
1755382252L, -1480891308L, -651781486L, 1791642400L, -810915380L, 
264569824L, 1334759106L, 1682023976L, -1170620756L, 1791061692L, 
-1369435662L, 1132024112L, -925935452L, 568384184L, 528516954L, 
830283152L, 1127279996L, -497104620L, 1005999426L, 1097134848L, 
-1839512644L, 684241744L, -1706439390L, 499759432L, -1666765812L, 
70673500L, -1193048878L, -1956563968L, 160151380L, 1845049832L, 
-1918204934L, -1565777200L, -1888867028L, 282658036L, 1031865234L, 
-1096919968L, 513018124L, -832584992L, 1601703266L, 1460504232L, 
221290060L, 71050108L, -1601638606L, -2142877072L, -980253108L, 
-595644387L, 683434407L, -440007472L, 196273774L, -1718370021L, 
-1032580483L, -458405782L, 1544901896L, 525205937L, -203909597L, 
-981495004L, -510463022L, 154513447L, 737528433L, -1563639626L, 
2061580372L, -1044600603L, 1645110511L, 1711196200L, 1406557318L, 
-536316237L, 1772959765L, -1646167438L, 1027229376L, 1726020393L, 
-465143397L, 595394156L, 445260410L, 73343919L, 1731704505L, 
1579268302L, 816984604L, -95266419L, 1185503223L, -1018430720L, 
-219643554L, -59882965L, 1246293293L, 2140008858L, 607244120L, 
302417601L, -31557261L, -2062699884L, -2145294558L, 1901478455L, 
1339246337L, -1142669818L, 1762772036L, 1914697077L, -773056289L, 
1957620792L, 855034902L, 728919075L, -378692635L, 1743212034L, 
-1383652240L, -800828903L, -1379009525L, -1075421444L, -1208199382L, 
2082666847L, 1038455017L, 1972430846L, -959501332L, 1907072829L, 
1578337031L, -1749951760L, -1528003954L, 520690875L, 1308653725L, 
-620952502L, -412328344L, -816410031L, 1414369603L, -1701312444L, 
1759562482L, -475671865L, 871329937L, 551714326L, 918649972L, 
1016657669L, -208759473L, -1486362808L, 644837094L, -1480781805L, 
-1992382603L, -217495726L, -130793568L, -1451570551L, 1051356859L, 
149708044L, 693199002L, -1811671537L, 315048537L, 1780104942L, 
271654268L, 653008365L, 1642986135L, 1723290976L, -584085186L, 
-871122421L, -135381363L, -23944262L, 1446754808L, -777075295L, 
-30549165L, -1070075276L, -1275112446L, -856656233L, -116154271L, 
-990659418L, -1626747740L, -589083307L, -860232193L, 666889368L, 
-920397386L, 1957159491L, -1546238075L, 493642786L, 2113349392L, 
1723364025L, 1610835819L, 509716060L, -1092195446L, -1469643905L, 
347238089L, -930224290L, -273040372L, -1170965539L, -210665753L, 
819429136L, 1566494254L, -1579879205L, -469788227L, 564778794L, 
1081012168L, -954956559L, -958449053L, 1742036580L, -428202606L, 
776720999L, 2098039345L, -732371082L, -1390605164L, -1020943707L, 
83963823L, -2023265176L, 256442438L, 1455498739L, 140947797L, 
